query	query_length	number_of_hits	hit_name	hit_acc	hit_score	hit_significance	hsp_length	hsp_query_start	hsp_query_end	hsp_hit_start	hsp_hit_end
ebi_ds36736_seq	0	20	Ha1.fa_3		360.2	1.1e-108	271	1	269	5654866	5655097
ebi_ds36736_seq	0	20	Ha1.fa_3		360.2	1.1e-108	271	1	269	47904516	47904747
ebi_ds36736_seq	0	20	Ha1.fa_2		183.3	2e-55	271	1	269	39314632	39314861
ebi_ds36736_seq	0	20	Ha1.fa_3		360.2	1.1e-108	271	1	269	17450186	17450415
ebi_ds36736_seq	0	20	Ha1.fa_3		360.2	1.1e-108	271	1	269	26566560	26566791
ebi_ds36736_seq	0	20	Ha1.fa_1		184.6	8.3e-56	271	1	269	42900408	42900639
ebi_ds36736_seq	0	20	Ha1.fa_2		183.3	2e-55	271	1	269	4451860	4452090
ebi_ds36736_seq	0	20	Ha1.fa_3		360.2	1.1e-108	271	1	269	26251023	26251252
ebi_ds36736_seq	0	20	Ha1.fa_2		183.3	2e-55	271	1	269	11537593	11537814
ebi_ds36736_seq	0	20	Ha1.fa_1		184.6	8.3e-56	271	1	269	22603977	22604206
ebi_ds36736_seq	0	20	Ha1.fa_3		360.2	1.1e-108	271	1	269	30363628	30363859
ebi_ds36736_seq	0	20	Ha1.fa_3		360.2	1.1e-108	271	1	269	51005221	51005457
ebi_ds36736_seq	0	20	Ha1.fa_1		184.6	8.3e-56	271	1	269	41337616	41337847
ebi_ds36736_seq	0	20	Ha1.fa_3		360.2	1.1e-108	271	1	269	29857832	29858063
ebi_ds36736_seq	0	20	Ha1.fa_1		184.6	8.3e-56	271	1	269	40401018	40401254
ebi_ds36736_seq	0	20	Ha1.fa_2		183.3	2e-55	271	1	269	37565426	37565648
ebi_ds36736_seq	0	20	Ha1.fa_1		184.6	8.3e-56	271	1	269	9869326	9869546
ebi_ds36736_seq	0	20	Ha1.fa_1		184.6	8.3e-56	271	1	269	9184890	9185085
ebi_ds36736_seq	0	20	Ha1.fa_2		183.3	2e-55	271	1	269	7897008	7897239
ebi_ds36736_seq	0	20	Ha1.fa_2		183.3	2e-55	271	1	269	15176538	15176770
